{"0.png": [[0.0, 0.0, 0.0, 0.0, 0.0, 0.0, 0.0, 0.0, 2.942726775082116e-44, 4.872314760457389e-42, 6.381499193550574e-40, 6.509310505442869e-38, 5.1709859456893004e-36, 3.199175604441272e-34, 1.5414491051834882e-32, 5.784245177938683e-31, 1.6904042099061981e-29, 3.8473423793486684e-28, 6.819577725375251e-27, 9.41413600411771e-26, 1.0121150495010262e-24, 8.474335118893098e-24, 5.525960543653601e-23, 2.8063144839433804e-22, 1.1099188623006086e-21, 3.418790786057082e-21, 8.201253435393186e-21, 1.5321958574786364e-20, 2.2293317223935373e-20, 2.526163708062344e-20, 2.2293317223935373e-20, 1.5321958574786364e-20, 8.201253435393186e-21, 3.418790786057082e-21, 1.1099188623006086e-21, 2.8063144839433804e-22, 5.525960543653601e-23, 8.474335118893098e-24, 1.0121150495010262e-24, 9.41413600411771e-26, 6.819577725375251e-27, 3.8473423793486684e-28, 1.6904042099061981e-29, 5.784245177938683e-31, 1.5414491051834882e-32, 3.199175604441272e-34, 5.1709859456893004e-36, 6.509310505442869e-38, 6.381499193550574e-40, 4.872314760457389e-42, 2.942726775082116e-44, 0.0, 0.0, 0.0, 0.0, 0.0, 0.0, 0.0, 0.0, 0.0, 0.0, 0.0, 0.0, 0.0, 0.0, 0.0, 2.942726775082116e-44, 4.872314760457389e-42, 6.381499193550574e-40, 6.509310505442869e-38, 5.1709859456893004e-36, 3.199175604441272e-34, 1.5414491051834882e-32, 5.784245177938683e-31, 1.6904042099061981e-29, 3.8473423793486684e-28, 6.819577725375251e-27, 9.41413600411771e-26, 1.0121150495010262e-24, 8.474335118893098e-24, 5.525960543653601e-23, 2.8063144839433804e-22, 1.1099188623006086e-21, 3.418790786057082e-21, 8.201253435393186e-21, 1.5321958574786364e-20, 2.2293317223935373e-20, 2.526163708062344e-20, 2.2293317223935373e-20, 1.5321958574786364e-20, 8.201253435393186e-21, 3.418790786057082e-21, 1.1099188623006086e-21, 2.8063144839433804e-22, 5.525960543653601e-23, 8.474335118893098e-24, 1.0121150495010262e-24, 9.41413600411771e-26, 6.819577725375251e-27, 3.8473423793486684e-28, 1.6904042099061981e-29, 5.784245177938683e-31, 1.5414491051834882e-32, 3.199175604441272e-34, 5.1709859456893004e-36, 6.509310505442869e-38, 6.381499193550574e-40, 4.872314760457389e-42, 2.942726775082116e-44, 0.0, 0.0, 0.0, 0.0, 0.0, 0.0, 0.0, 0.0, 0.0, 0.0, 0.0, 0.0, 0.0, 0.0, 0.0, 0.0, 0.0, 0.0, 0.0, 0.0, 0.0, 0.0, 0.0, 0.0, 0.0, 0.0, 0.0, 0.0, 0.0, 0.0, 0.0, 0.0, 0.0, 0.0, 0.0, 0.0, 0.0, 0.0, 0.0, 0.0, 0.0, 0.0, 0.0, 0.0, 0.0, 0.0, 0.0, 0.0, 0.0, 0.0, 0.0, 0.0, 0.0, 0.0, 0.0, 0.0, 0.0, 0.0, 0.0, 0.0, 0.0, 0.0, 0.0, 0.0, 0.0, 0.0, 0.0, 0.0, 0.0, 0.0, 0.0, 0.0, 0.0, 0.0, 0.0, 0.0, 0.0, 0.0, 0.0, 0.0, 0.0, 0.0, 0.0, 0.0, 0.0, 0.0, 0.0, 0.0, 0.0, 0.0, 0.0, 0.0, 0.0, 0.0, 0.0, 0.0, 0.0, 0.0, 0.0, 0.0, 0.0, 0.0, 0.0, 0.0, 0.0, 0.0, 0.0, 0.0, 0.0, 0.0, 0.0, 0.0], [0.0, 0.0, 0.0, 0.0, 0.0, 0.0, 0.0, 1.401298464324817e-44, 2.955338461261039e-42, 4.9699151984976125e-40, 6.509310505442869e-38, 6.639676956165401e-36, 5.274548762960186e-34, 3.2632478433947105e-32, 1.5723208370779615e-30, 5.90009059760205e-29, 1.7242592717486375e-27, 3.924395957158335e-26, 6.95615820590658e-25, 9.602679948093257e-24, 1.032385422106359e-22, 8.644057596018313e-22, 5.636633260547942e-21, 2.862518609581133e-20, 1.1321480164815214e-19, 3.487261630613439e-19, 8.365505526405104e-19, 1.5628821837904738e-18, 2.2739800948881426e-18, 2.57675715040399e-18, 2.2739800948881426e-18, 1.5628821837904738e-18, 8.365505526405104e-19, 3.487261630613439e-19, 1.1321480164815214e-19, 2.862518609581133e-20, 5.636633260547942e-21, 8.644057596018313e-22, 1.032385422106359e-22, 9.602679948093257e-24, 6.95615820590658e-25, 3.924395957158335e-26, 1.7242592717486375e-27, 5.90009059760205e-29, 1.5723208370779615e-30, 3.2632478433947105e-32, 5.274548762960186e-34, 6.639676956165401e-36, 6.509310505442869e-38, 4.9699151984976125e-40, 2.955338461261039e-42, 1.401298464324817e-44, 0.0, 0.0, 0.0, 0.0, 0.0, 0.0, 0.0, 0.0, 0.0, 0.0, 0.0, 0.0, 0.0, 1.401298464324817e-44, 2.955338461261039e-42, 4.9699151984976125e-40, 6.509310505442869e-38, 6.639676956165401e-36, 5.274548762960186e-34, 3.2632478433947105e-32, 1.5723208370779615e-30, 5.90009059760205e-29, 1.7242592717486375e-27, 3.924395957158335e-26, 6.95615820590658e-25, 9.602679948093257e-24, 1.032385422106359e-22, 8.644057596018313e-22, 5.636633260547942e-21, 2.862518609581133e-20, 1.1321480164815214e-19, 3.487261630613439e-19, 8.365505526405104e-19, 1.5628821837904738e-18, 2.2739800948881426e-18, 2.57675715040399e-18, 2.2739800948881426e-18, 1.5628821837904738e-18, 8.365505526405104e-19, 3.487261630613439e-19, 1.1321480164815214e-19, 2.862518609581133e-20, 5.636633260547942e-21, 8.644057596018313e-22, 1.032385422106359e-22, 9.602679948093257e-24, 6.95615820590658e-25, 3.924395957158335e-26, 1.7242592717486375e-27, 5.90009059760205e-29, 1.5723208370779615e-30, 3.2632478433947105e-32, 5.274548762960186e-34, 6.639676956165401e-36, 6.509310505442869e-38, 4.9699151984976125e-40, 2.955338461261039e-42, 1.401298464324817e-44, 0.0, 0.0, 0.0, 0.0, 0.0, 0.0, 0.0, 0.0, 0.0, 0.0, 0.0, 0.0, 0.0, 0.0, 0.0, 0.0, 0.0, 0.0, 0.0, 0.0, 0.0, 0.0, 0.0, 0.0, 0.0, 0.0, 0.0, 0.0, 0.0, 0.0, 0.0, 0.0, 0.0, 0.0, 0.0, 0.0, 0.0, 0.0, 0.0, 0.0, 0.0, 0.0, 0.0, 0.0, 0.0, 0.0, 0.0, 0.0, 0.0, 0.0, 0.0, 0.0, 0.0, 0.0, 0.0, 0.0, 0.0, 0.0, 0.0, 0.0, 0.0, 0.0, 0.0, 0.0, 0.0, 0.0, 0.0, 0.0, 0.0, 0.0, 0.0, 0.0, 0.0, 0.0, 0.0, 0.0, 0.0, 0.0, 0.0, 0.0, 0.0, 0.0, 0.0, 0.0, 0.0, 0.0, 0.0, 0.0, 0.0, 0.0, 0.0, 0.0, 0.0, 0.0, 0.0, 0.0, 0.0, 0.0, 0.0, 0.0, 0.0, 0.0, 0.0, 0.0, 0.0, 0.0, 0.0, 0.0, 0.0, 0.0, 0.0], [0.0, 0.0, 0.0, 0.0, 0.0, 0.0, 4.203895392974451e-45, 1.087407608316058e-42, 2.3476233432526525e-40, 3.948096485843049e-38, 5.1709859456893004e-36, 5.274548762960186e-34, 4.190093106797024e-32, 2.5923188203429674e-30, 1.2490492265170818e-28, 4.687022460974486e-27, 1.369748740060852e-25, 3.1175337267922937e-24, 5.525960543653601e-23, 7.628353615940375e-22, 8.201253435393186e-21, 6.866824991707327e-20, 4.47773234897538e-19, 2.2739800948881426e-18, 8.993766055444109e-18, 2.7702750207350052e-17, 6.645543894960403e-17, 1.2415511155833015e-16, 1.806446255483361e-16, 2.0469717164191622e-16, 1.806446255483361e-16, 1.2415511155833015e-16, 6.645543894960403e-17, 2.7702750207350052e-17, 8.993766055444109e-18, 2.2739800948881426e-18, 4.47773234897538e-19, 6.866824991707327e-20, 8.201253435393186e-21, 7.628353615940375e-22, 5.525960543653601e-23, 3.1175337267922937e-24, 1.369748740060852e-25, 4.687022460974486e-27, 1.2490492265170818e-28, 2.5923188203429674e-30, 4.190093106797024e-32, 5.274548762960186e-34, 5.1709859456893004e-36, 3.948096485843049e-38, 2.3476233432526525e-40, 1.087407608316058e-42, 4.203895392974451e-45, 0.0, 0.0, 0.0, 0.0, 0.0, 0.0, 0.0, 0.0, 0.0, 0.0, 0.0, 4.203895392974451e-45, 1.087407608316058e-42, 2.3476233432526525e-40, 3.948096485843049e-38, 5.1709859456893004e-36, 5.274548762960186e-34, 4.190093106797024e-32, 2.5923188203429674e-30, 1.2490492265170818e-28, 4.687022460974486e-27, 1.369748740060852e-25, 3.1175337267922937e-24, 5.525960543653601e-23, 7.628353615940375e-22, 8.201253435393186e-21, 6.866824991707327e-20, 4.47773234897538e-19, 2.2739800948881426e-18, 8.993766055444109e-18, 2.7702750207350052e-17, 6.645543894960403e-17, 1.2415511155833015e-16, 1.806446255483361e-16, 2.0469717164191622e-16, 1.806446255483361e-16, 1.2415511155833015e-16, 6.645543894960403e-17, 2.7702750207350052e-17, 8.993766055444109e-18, 2.2739800948881426e-18, 4.47773234897538e-19, 6.866824991707327e-20, 8.201253435393186e-21, 7.628353615940375e-22, 5.525960543653601e-23, 3.1175337267922937e-24, 1.369748740060852e-25, 4.687022460974486e-27, 1.2490492265170818e-28, 2.5923188203429674e-30, 4.190093106797024e-32, 5.274548762960186e-34, 5.1709859456893004e-36, 3.948096485843049e-38, 2.3476233432526525e-40, 1.087407608316058e-42, 4.203895392974451e-45, 0.0, 0.0, 0.0, 0.0, 0.0, 0.0, 0.0, 0.0, 0.0, 0.0, 0.0, 0.0, 0.0, 0.0, 0.0, 0.0, 0.0, 0.0, 0.0, 0.0, 0.0, 0.0, 0.0, 0.0, 0.0, 0.0, 0.0, 0.0, 0.0, 0.0, 0.0, 0.0, 0.0, 0.0, 0.0, 0.0, 0.0, 0.0, 0.0, 0.0, 0.0, 0.0, 0.0, 0.0, 0.0, 0.0, 0.0, 0.0, 0.0, 0.0, 0.0, 0.0, 0.0, 0.0, 0.0, 0.0, 0.0, 0.0, 0.0, 0.0, 0.0, 0.0, 0.0, 0.0, 0.0, 0.0, 0.0, 0.0, 0.0, 0.0, 0.0, 0.0, 0.0, 0.0, 0.0, 0.0, 0.0, 0.0, 0.0, 0.0, 0.0, 0.0, 0.0, 0.0, 0.0, 0.0, 0.0, 0.0, 0.0, 0.0, 0.0, 0.0, 0.0, 0.0, 0.0, 0.0, 0.0, 0.0, 0.0, 0.0, 0.0, 0.0, 0.0, 0.0, 0.0, 0.0, 0.0, 0.0, 0.0, 0.0], [0.0, 0.0, 0.0, 0.0, 0.0, 0.0, 2.4242463432819335e-43, 6.726092498912689e-41, 1.4524234374972437e-38, 2.442600707513088e-36, 3.199175604441272e-34, 3.2632478433947105e-32, 2.5923188203429674e-30, 1.6038109389511792e-28, 7.727593605139568e-27, 2.899758024283813e-25, 8.474335118893098e-24, 1.9287498933537385e-22, 3.418790786057082e-21, 4.7194951407926383e-20, 5.073935700170046e-19, 4.24835413113866e-18, 2.7702750207350052e-17, 1.406861771338595e-16, 5.5642462513905925e-16, 1.7139083824518615e-15, 4.111452609709696e-15, 7.68120477976069e-15, 1.1176087284087404e-14, 1.2664165777252073e-14, 1.1176087284087404e-14, 7.68120477976069e-15, 4.111452609709696e-15, 1.7139083824518615e-15, 5.5642462513905925e-16, 1.406861771338595e-16, 2.7702750207350052e-17, 4.24835413113866e-18, 5.073935700170046e-19, 4.7194951407926383e-20, 3.418790786057082e-21, 1.9287498933537385e-22, 8.474335118893098e-24, 2.899758024283813e-25, 7.727593605139568e-27, 1.6038109389511792e-28, 2.5923188203429674e-30, 3.2632478433947105e-32, 3.199175604441272e-34, 2.442600707513088e-36, 1.4524234374972437e-38, 6.726092498912689e-41, 2.4242463432819335e-43, 0.0, 0.0, 0.0, 0.0, 0.0, 0.0, 0.0, 0.0, 0.0, 0.0, 0.0, 2.4242463432819335e-43, 6.726092498912689e-41, 1.4524234374972437e-38, 2.442600707513088e-36, 3.199175604441272e-34, 3.2632478433947105e-32, 2.5923188203429674e-30, 1.6038109389511792e-28, 7.727593605139568e-27, 2.899758024283813e-25, 8.474335118893098e-24, 1.9287498933537385e-22, 3.418790786057082e-21, 4.7194951407926383e-20, 5.073935700170046e-19, 4.24835413113866e-18, 2.7702750207350052e-17, 1.406861771338595e-16, 5.5642462513905925e-16, 1.7139083824518615e-15, 4.111452609709696e-15, 7.68120477976069e-15, 1.1176087284087404e-14, 1.2664165777252073e-14, 1.1176087284087404e-14, 7.68120477976069e-15, 4.111452609709696e-15, 1.7139083824518615e-15, 5.5642462513905925e-16, 1.406861771338595e-16, 2.7702750207350052e-17, 4.24835413113866e-18, 5.073935700170046e-19, 4.7194951407926383e-20, 3.418790786057082e-21, 1.9287498933537385e-22, 8.474335118893098e-24, 2.899758024283813e-25, 7.727593605139568e-27, 1.6038109389511792e-28, 2.5923188203429674e-30, 3.2632478433947105e-32, 3.199175604441272e-34, 2.442600707513088e-36, 1.4524234374972437e-38, 6.726092498912689e-41, 2.4242463432819335e-43, 0.0, 0.0, 0.0, 0.0, 0.0, 0.0, 0.0, 0.0, 0.0, 0.0, 0.0, 0.0, 0.0, 0.0, 0.0, 0.0, 0.0, 0.0, 0.0, 0.0, 0.0, 0.0, 0.0, 0.0, 0.0, 0.0, 0.0, 0.0, 0.0, 0.0, 0.0, 0.0, 0.0, 0.0, 0.0, 0.0, 0.0, 0.0, 0.0, 0.0, 0.0, 0.0, 0.0, 0.0, 0.0, 0.0, 0.0, 0.0, 0.0, 0.0, 0.0, 0.0, 0.0, 0.0, 0.0, 0.0, 0.0, 0.0, 0.0, 0.0, 0.0, 0.0, 0.0, 0.0, 0.0, 0.0, 0.0, 0.0, 0.0, 0.0, 0.0, 0.0, 0.0, 0.0, 0.0, 0.0, 0.0, 0.0, 0.0, 0.0, 0.0, 0.0, 0.0, 0.0, 0.0, 0.0, 0.0, 0.0, 0.0, 0.0, 0.0, 0.0, 0.0, 0.0, 0.0, 0.0, 0.0, 0.0, 0.0, 0.0, 0.0, 0.0, 0.0, 0.0, 0.0, 0.0, 0.0, 0.0, 0.0, 0.0], [0.0, 0.0, 0.0, 0.0, 0.0, 3.2229864679470793e-44, 1.16882304909333e-41, 3.240794168831719e-39, 6.998168384538242e-37, 1.1769109133505245e-34, 1.5414491051834882e-32, 1.5723208370779615e-30, 1.2490492265170818e-28, 7.727593605139568e-27, 3.7233630754801197e-25, 1.3971816837235135e-23, 4.0831634829566618e-22, 9.293236857126885e-21, 1.6472656956609696e-19, 2.2739800948881426e-18, 2.44475910105232e-17, 2.0469717164191622e-16, 1.3347932700406634e-15, 6.778639505451451e-15, 2.6810039512872516e-14, 8.258073180356443e-14, 1.9810088085995409e-13, 3.7010116651046976e-13, 5.384939998250016e-13, 6.101936447441836e-13, 5.384939998250016e-13, 3.7010116651046976e-13, 1.9810088085995409e-13, 8.258073180356443e-14, 2.6810039512872516e-14, 6.778639505451451e-15, 1.3347932700406634e-15, 2.0469717164191622e-16, 2.44475910105232e-17, 2.2739800948881426e-18, 1.6472656956609696e-19, 9.293236857126885e-21, 4.0831634829566618e-22, 1.3971816837235135e-23, 3.7233630754801197e-25, 7.727593605139568e-27, 1.2490492265170818e-28, 1.5723208370779615e-30, 1.5414491051834882e-32, 1.1769109133505245e-34, 6.998168384538242e-37, 3.240794168831719e-39, 1.16882304909333e-41, 3.2229864679470793e-44, 0.0, 0.0, 0.0, 0.0, 0.0, 0.0, 0.0, 0.0, 0.0, 3.2229864679470793e-44, 1.16882304909333e-41, 3.240794168831719e-39, 6.998168384538242e-37, 1.1769109133505245e-34, 1.5414491051834882e-32, 1.5723208370779615e-30, 1.2490492265170818e-28, 7.727593605139568e-27, 3.7233630754801197e-25, 1.3971816837235135e-23, 4.0831634829566618e-22, 9.293236857126885e-21, 1.6472656956609696e-19, 2.2739800948881426e-18, 2.44475910105232e-17, 2.0469717164191622e-16, 1.3347932700406634e-15, 6.778639505451451e-15, 2.6810039512872516e-14, 8.258073180356443e-14, 1.9810088085995409e-13, 3.7010116651046976e-13, 5.384939998250016e-13, 6.101936447441836e-13, 5.384939998250016e-13, 3.7010116651046976e-13, 1.9810088085995409e-13, 8.258073180356443e-14, 2.6810039512872516e-14, 6.778639505451451e-15, 1.3347932700406634e-15, 2.0469717164191622e-16, 2.44475910105232e-17, 2.2739800948881426e-18, 1.6472656956609696e-19, 9.293236857126885e-21, 4.0831634829566618e-22, 1.3971816837235135e-23, 3.7233630754801197e-25, 7.727593605139568e-27, 1.2490492265170818e-28, 1.5723208370779615e-30, 1.5414491051834882e-32, 1.1769109133505245e-34, 6.998168384538242e-37, 3.240794168831719e-39, 1.16882304909333e-41, 3.2229864679470793e-44, 0.0, 0.0, 0.0, 0.0, 0.0, 0.0, 0.0, 0.0, 0.0, 0.0, 0.0, 0.0, 0.0, 0.0, 0.0, 0.0, 0.0, 0.0, 0.0, 0.0, 0.0, 0.0, 0.0, 0.0, 0.0, 0.0, 0.0, 0.0, 0.0, 0.0, 0.0, 0.0, 0.0, 0.0, 0.0, 0.0, 0.0, 0.0, 0.0, 0.0, 0.0, 0.0, 0.0, 0.0, 0.0, 0.0, 0.0, 0.0, 0.0, 0.0, 0.0, 0.0, 0.0, 0.0, 0.0, 0.0, 0.0, 0.0, 0.0, 0.0, 0.0, 0.0, 0.0, 0.0, 0.0, 0.0, 0.0, 0.0, 0.0, 0.0, 0.0, 0.0, 0.0, 0.0, 0.0, 0.0, 0.0, 0.0, 0.0, 0.0, 0.0, 0.0, 0.0, 0.0, 0.0, 0.0, 0.0, 0.0, 0.0, 0.0, 0.0, 0.0, 0.0, 0.0, 0.0, 0.0, 0.0, 0.0, 0.0, 0.0, 0.0, 0.0, 0.0, 0.0, 0.0, 0.0, 0.0, 0.0, 0.0], [0.0, 0.0, 0.0, 0.0, 2.802596928649634e-45, 1.2317413501415142e-42, 4.385938076474888e-40, 1.2160992719555806e-37, 2.626043187285896e-35, 4.416325663883611e-33, 5.784245177938683e-31, 5.90009059760205e-29, 4.687022460974486e-27, 2.899758024283813e-25, 1.3971816837235135e-23, 5.242885696424093e-22, 1.5321958574786364e-20, 3.487261630613439e-19, 6.181318885539313e-18, 8.533047630075754e-17, 9.173890920400186e-16, 7.68120477976069e-15, 5.008774495965547e-14, 2.5436656904062604e-13, 1.0060393273655932e-12, 3.098819161342914e-12, 7.433680407342713e-12, 1.3887943746404563e-11, 2.020683967374204e-11, 2.2897348947448215e-11, 2.020683967374204e-11, 1.3887943746404563e-11, 7.433680407342713e-12, 3.098819161342914e-12, 1.0060393273655932e-12, 2.5436656904062604e-13, 5.008774495965547e-14, 7.68120477976069e-15, 9.173890920400186e-16, 8.533047630075754e-17, 6.181318885539313e-18, 3.487261630613439e-19, 1.5321958574786364e-20, 5.242885696424093e-22, 1.3971816837235135e-23, 2.899758024283813e-25, 4.687022460974486e-27, 5.90009059760205e-29, 5.784245177938683e-31, 4.416325663883611e-33, 2.626043187285896e-35, 1.2160992719555806e-37, 4.385938076474888e-40, 1.2317413501415142e-42, 2.802596928649634e-45, 0.0, 0.0, 0.0, 0.0, 0.0, 0.0, 0.0, 2.802596928649634e-45, 1.2317413501415142e-42, 4.385938076474888e-40, 1.2160992719555806e-37, 2.626043187285896e-35, 4.416325663883611e-33, 5.784245177938683e-31, 5.90009059760205e-29, 4.687022460974486e-27, 2.899758024283813e-25, 1.3971816837235135e-23, 5.242885696424093e-22, 1.5321958574786364e-20, 3.487261630613439e-19, 6.181318885539313e-18, 8.533047630075754e-17, 9.173890920400186e-16, 7.68120477976069e-15, 5.008774495965547e-14, 2.5436656904062604e-13, 1.0060393273655932e-12, 3.098819161342914e-12, 7.433680407342713e-12, 1.3887943746404563e-11, 2.020683967374204e-11, 2.2897348947448215e-11, 2.020683967374204e-11, 1.3887943746404563e-11, 7.433680407342713e-12, 3.098819161342914e-12, 1.0060393273655932e-12, 2.5436656904062604e-13, 5.008774495965547e-14, 7.68120477976069e-15, 9.173890920400186e-16, 8.533047630075754e-17, 6.181318885539313e-18, 3.487261630613439e-19, 1.5321958574786364e-20, 5.242885696424093e-22, 1.3971816837235135e-23, 2.899758024283813e-25, 4.687022460974486e-27, 5.90009059760205e-29, 5.784245177938683e-31, 4.416325663883611e-33, 2.626043187285896e-35, 1.2160992719555806e-37, 4.385938076474888e-40, 1.2317413501415142e-42, 2.802596928649634e-45, 0.0, 0.0, 0.0, 0.0, 0.0, 0.0, 0.0, 0.0, 0.0, 0.0, 0.0, 0.0, 0.0, 0.0, 0.0, 0.0, 0.0, 0.0, 0.0, 0.0, 0.0, 0.0, 0.0, 0.0, 0.0, 0.0, 0.0, 0.0, 0.0, 0.0, 0.0, 0.0, 0.0, 0.0, 0.0, 0.0, 0.0, 0.0, 0.0, 0.0, 0.0, 0.0, 0.0, 0.0, 0.0, 0.0, 0.0, 0.0, 0.0, 0.0, 0.0, 0.0, 0.0, 0.0, 0.0, 0.0, 0.0, 0.0, 0.0, 0.0, 0.0, 0.0, 0.0, 0.0, 0.0, 0.0, 0.0, 0.0, 0.0, 0.0, 0.0, 0.0, 0.0, 0.0, 0.0, 0.0, 0.0, 0.0, 0.0, 0.0, 0.0, 0.0, 0.0, 0.0, 0.0, 0.0, 0.0, 0.0, 0.0, 0.0, 0.0, 0.0, 0.0, 0.0, 0.0, 0.0, 0.0, 0.0, 0.0, 0.0, 0.0, 0.0, 0.0, 0.0, 0.0, 0.0, 0.0, 0.0], [0.0, 0.0, 0.0, 0.0, 7.847271400218976e-44, 3.60021601454332e-41, 1.2817592975271242e-38, 3.553963031030107e-36, 7.674423335919583e-34, 1.2906395473087794e-31, 1.6904042099061981e-29, 1.7242592717486375e-27, 1.369748740060852e-25, 8.474335118893098e-24, 4.0831634829566618e-22, 1.5321958574786364e-20, 4.47773234897538e-19, 1.0191272119514677e-17, 1.806446255483361e-16, 2.493721959682363e-15, 2.6810039512872516e-14, 2.244777036778875e-13, 1.463778534147031e-12, 7.433680407342713e-12, 2.940077695190446e-11, 9.056076721858375e-11, 2.1724398668876432e-10, 4.05865202557365e-10, 5.905304023556823e-10, 6.691586174056852e-10, 5.905304023556823e-10, 4.05865202557365e-10, 2.1724398668876432e-10, 9.056076721858375e-11, 2.940077695190446e-11, 7.433680407342713e-12, 1.463778534147031e-12, 2.244777036778875e-13, 2.6810039512872516e-14, 2.493721959682363e-15, 1.806446255483361e-16, 1.0191272119514677e-17, 4.47773234897538e-19, 1.5321958574786364e-20, 4.0831634829566618e-22, 8.474335118893098e-24, 1.369748740060852e-25, 1.7242592717486375e-27, 1.6904042099061981e-29, 1.2906395473087794e-31, 7.674423335919583e-34, 3.553963031030107e-36, 1.2817592975271242e-38, 3.60021601454332e-41, 7.847271400218976e-44, 0.0, 0.0, 0.0, 0.0, 0.0, 0.0, 0.0, 7.847271400218976e-44, 3.60021601454332e-41, 1.2817592975271242e-38, 3.553963031030107e-36, 7.674423335919583e-34, 1.2906395473087794e-31, 1.6904042099061981e-29, 1.7242592717486375e-27, 1.369748740060852e-25, 8.474335118893098e-24, 4.0831634829566618e-22, 1.5321958574786364e-20, 4.47773234897538e-19, 1.0191272119514677e-17, 1.806446255483361e-16, 2.493721959682363e-15, 2.6810039512872516e-14, 2.244777036778875e-13, 1.463778534147031e-12, 7.433680407342713e-12, 2.940077695190446e-11, 9.056076721858375e-11, 2.1724398668876432e-10, 4.05865202557365e-10, 5.905304023556823e-10, 6.691586174056852e-10, 5.905304023556823e-10, 4.05865202557365e-10, 2.1724398668876432e-10, 9.056076721858375e-11, 2.940077695190446e-11, 7.433680407342713e-12, 1.463778534147031e-12, 2.244777036778875e-13, 2.6810039512872516e-14, 2.493721959682363e-15, 1.806446255483361e-16, 1.0191272119514677e-17, 4.47773234897538e-19, 1.5321958574786364e-20, 4.0831634829566618e-22, 8.474335118893098e-24, 1.369748740060852e-25, 1.7242592717486375e-27, 1.6904042099061981e-29, 1.2906395473087794e-31, 7.674423335919583e-34, 3.553963031030107e-36, 1.2817592975271242e-38, 3.60021601454332e-41, 7.847271400218976e-44, 0.0, 0.0, 0.0, 0.0, 0.0, 0.0, 0.0, 0.0, 0.0, 0.0, 0.0, 0.0, 0.0, 0.0, 0.0, 0.0, 0.0, 0.0, 0.0, 0.0, 0.0, 0.0, 0.0, 0.0, 0.0, 0.0, 0.0, 0.0, 0.0, 0.0, 0.0, 0.0, 0.0, 0.0, 0.0, 0.0, 0.0, 0.0, 0.0, 0.0, 0.0, 0.0, 0.0, 0.0, 0.0, 0.0, 0.0, 0.0, 0.0, 0.0, 0.0, 0.0, 0.0, 0.0, 0.0, 0.0, 0.0, 0.0, 0.0, 0.0, 0.0, 0.0, 0.0, 0.0, 0.0, 0.0, 0.0, 0.0, 0.0, 0.0, 0.0, 0.0, 0.0, 0.0, 0.0, 0.0, 0.0, 0.0, 0.0, 0.0, 0.0, 0.0, 0.0, 0.0, 0.0, 0.0, 0.0, 0.0, 0.0, 0.0, 0.0, 0.0, 0.0, 0.0, 0.0, 0.0, 0.0, 0.0, 0.0, 0.0, 0.0, 0.0, 0.0, 0.0, 0.0, 0.0, 0.0, 0.0], [0.0, 0.0, 0.0, 2.802596928649634e-45, 1.792260735871441e-42, 8.194008692231508e-40, 2.917270675075314e-37, 8.088782683902665e-35, 1.7466907127106473e-32, 2.9374821418009058e-30, 3.8473423793486684e-28, 3.924395957158335e-26, 3.1175337267922937e-24, 1.9287498933537385e-22, 9.293236857126885e-21, 3.487261630613439e-19, 1.0191272119514677e-17, 2.3195226989972605e-16, 4.111452609709696e-15, 5.6756852093598625e-14, 6.101936447441836e-13, 5.1090889331695255e-12, 3.3315444153414475e-11, 1.6918978718027944e-10, 6.691586174056852e-10, 2.06115369216775e-09, 4.94445062670934e-09, 9.23744991609965e-09, 1.3440409674103648e-08, 1.5229979055675358e-08, 1.3440409674103648e-08, 9.23744991609965e-09, 4.94445062670934e-09, 2.06115369216775e-09, 6.691586174056852e-10, 1.6918978718027944e-10, 3.3315444153414475e-11, 5.1090889331695255e-12, 6.101936447441836e-13, 5.6756852093598625e-14, 4.111452609709696e-15, 2.3195226989972605e-16, 1.0191272119514677e-17, 3.487261630613439e-19, 9.293236857126885e-21, 1.9287498933537385e-22, 3.1175337267922937e-24, 3.924395957158335e-26, 3.8473423793486684e-28, 2.9374821418009058e-30, 1.7466907127106473e-32, 8.088782683902665e-35, 2.917270675075314e-37, 8.194008692231508e-40, 1.792260735871441e-42, 2.802596928649634e-45, 0.0, 0.0, 0.0, 0.0, 0.0, 2.802596928649634e-45, 1.792260735871441e-42, 8.194008692231508e-40, 2.917270675075314e-37, 8.088782683902665e-35, 1.7466907127106473e-32, 2.9374821418009058e-30, 3.8473423793486684e-28, 3.924395957158335e-26, 3.1175337267922937e-24, 1.9287498933537385e-22, 9.293236857126885e-21, 3.487261630613439e-19, 1.0191272119514677e-17, 2.3195226989972605e-16, 4.111452609709696e-15, 5.6756852093598625e-14, 6.101936447441836e-13, 5.1090889331695255e-12, 3.3315444153414475e-11, 1.6918978718027944e-10, 6.691586174056852e-10, 2.06115369216775e-09, 4.94445062670934e-09, 9.23744991609965e-09, 1.3440409674103648e-08, 1.5229979055675358e-08, 1.3440409674103648e-08, 9.23744991609965e-09, 4.94445062670934e-09, 2.06115369216775e-09, 6.691586174056852e-10, 1.6918978718027944e-10, 3.3315444153414475e-11, 5.1090889331695255e-12, 6.101936447441836e-13, 5.6756852093598625e-14, 4.111452609709696e-15, 2.3195226989972605e-16, 1.0191272119514677e-17, 3.487261630613439e-19, 9.293236857126885e-21, 1.9287498933537385e-22, 3.1175337267922937e-24, 3.924395957158335e-26, 3.8473423793486684e-28, 2.9374821418009058e-30, 1.7466907127106473e-32, 8.088782683902665e-35, 2.917270675075314e-37, 8.194008692231508e-40, 1.792260735871441e-42, 2.802596928649634e-45, 0.0, 0.0, 0.0, 0.0, 0.0, 0.0, 0.0, 0.0, 0.0, 0.0, 0.0, 0.0, 0.0, 0.0, 0.0, 0.0, 0.0, 0.0, 0.0, 0.0, 0.0, 0.0, 0.0, 0.0, 0.0, 0.0, 0.0, 0.0, 0.0, 0.0, 0.0, 0.0, 0.0, 0.0, 0.0, 0.0, 0.0, 0.0, 0.0, 0.0, 0.0, 0.0, 0.0, 0.0, 0.0, 0.0, 0.0, 0.0, 0.0, 0.0, 0.0, 0.0, 0.0, 0.0, 0.0, 0.0, 0.0, 0.0, 0.0, 0.0, 0.0, 0.0, 0.0, 0.0, 0.0, 0.0, 0.0, 0.0, 0.0, 0.0, 0.0, 0.0, 0.0, 0.0, 0.0, 0.0, 0.0, 0.0, 0.0, 0.0, 0.0, 0.0, 0.0, 0.0, 0.0, 0.0, 0.0, 0.0, 0.0, 0.0, 0.0, 0.0, 0.0, 0.0, 0.0, 0.0, 0.0, 0.0, 0.0, 0.0, 0.0, 0.0, 0.0, 0.0, 0.0, 0.0, 0.0], [0.0, 0.0, 0.0, 5.465064010866787e-44, 3.1771640081636577e-41, 1.4524234374972437e-38, 5.1709859456893004e-36, 1.4337710308490835e-33, 3.096083319077127e-31, 5.206811789961654e-29, 6.819577725375251e-27, 6.95615820590658e-25, 5.525960543653601e-23, 3.418790786057082e-21, 1.6472656956609696e-19, 6.181318885539313e-18, 1.806446255483361e-16, 4.111452609709696e-15, 7.287724433256357e-14, 1.0060393273655932e-12, 1.0815941892117209e-11, 9.056076721858375e-11, 5.905304023556823e-10, 2.998960857425459e-09, 1.1861120086109622e-08, 3.6534821390432626e-08, 8.764248349280024e-08, 1.6373770961308765e-07, 2.3823696437830222e-07, 2.699578374176781e-07, 2.3823696437830222e-07, 1.6373770961308765e-07, 8.764248349280024e-08, 3.6534821390432626e-08, 1.1861120086109622e-08, 2.998960857425459e-09, 5.905304023556823e-10, 9.056076721858375e-11, 1.0815941892117209e-11, 1.0060393273655932e-12, 7.287724433256357e-14, 4.111452609709696e-15, 1.806446255483361e-16, 6.181318885539313e-18, 1.6472656956609696e-19, 3.418790786057082e-21, 5.525960543653601e-23, 6.95615820590658e-25, 6.819577725375251e-27, 5.206811789961654e-29, 3.096083319077127e-31, 1.4337710308490835e-33, 5.1709859456893004e-36, 1.4524234374972437e-38, 3.1771640081636577e-41, 5.465064010866787e-44, 0.0, 0.0, 0.0, 0.0, 0.0, 5.465064010866787e-44, 3.1771640081636577e-41, 1.4524234374972437e-38, 5.1709859456893004e-36, 1.4337710308490835e-33, 3.096083319077127e-31, 5.206811789961654e-29, 6.819577725375251e-27, 6.95615820590658e-25, 5.525960543653601e-23, 3.418790786057082e-21, 1.6472656956609696e-19, 6.181318885539313e-18, 1.806446255483361e-16, 4.111452609709696e-15, 7.287724433256357e-14, 1.0060393273655932e-12, 1.0815941892117209e-11, 9.056076721858375e-11, 5.905304023556823e-10, 2.998960857425459e-09, 1.1861120086109622e-08, 3.6534821390432626e-08, 8.764248349280024e-08, 1.6373770961308765e-07, 2.3823696437830222e-07, 2.699578374176781e-07, 2.3823696437830222e-07, 1.6373770961308765e-07, 8.764248349280024e-08, 3.6534821390432626e-08, 1.1861120086109622e-08, 2.998960857425459e-09, 5.905304023556823e-10, 9.056076721858375e-11, 1.0815941892117209e-11, 1.0060393273655932e-12, 7.287724433256357e-14, 4.111452609709696e-15, 1.806446255483361e-16, 6.181318885539313e-18, 1.6472656956609696e-19, 3.418790786057082e-21, 5.525960543653601e-23, 6.95615820590658e-25, 6.819577725375251e-27, 5.206811789961654e-29, 3.096083319077127e-31, 1.4337710308490835e-33, 5.1709859456893004e-36, 1.4524234374972437e-38, 3.1771640081636577e-41, 5.465064010866787e-44, 0.0, 0.0, 0.0, 0.0, 0.0, 0.0, 0.0, 0.0, 0.0, 0.0, 0.0, 0.0, 0.0, 0.0, 0.0, 0.0, 0.0, 0.0, 0.0, 0.0, 0.0, 0.0, 0.0, 0.0, 0.0, 0.0, 0.0, 0.0, 0.0, 0.0, 0.0, 0.0, 0.0, 0.0, 0.0, 0.0, 0.0, 0.0, 0.0, 0.0, 0.0, 0.0, 0.0, 0.0, 0.0, 0.0, 0.0, 0.0, 0.0, 0.0, 0.0, 0.0, 0.0, 0.0, 0.0, 0.0, 0.0, 0.0, 0.0, 0.0, 0.0, 0.0, 0.0, 0.0, 0.0, 0.0, 0.0, 0.0, 0.0, 0.0, 0.0, 0.0, 0.0, 0.0, 0.0, 0.0, 0.0, 0.0, 0.0, 0.0, 0.0, 0.0, 0.0, 0.0, 0.0, 0.0, 0.0, 0.0, 0.0, 0.0, 0.0, 0.0, 0.0, 0.0, 0.0, 0.0, 0.0, 0.0, 0.0, 0.0, 0.0, 0.0, 0.0, 0.0, 0.0, 0.0, 0.0], [0.0, 0.0, 1.401298464324817e-45, 7.468920814851275e-43, 4.385938076474888e-40, 2.0050087834260406e-37, 7.138325476697025e-35, 1.9792599190321352e-32, 4.274011319363809e-30, 7.187781923264561e-28, 9.41413600411771e-26, 9.602679948093257e-24, 7.628353615940375e-22, 4.7194951407926383e-20, 2.2739800948881426e-18, 8.533047630075754e-17, 2.493721959682363e-15, 5.6756852093598625e-14, 1.0060393273655932e-12, 1.3887943746404563e-11, 1.493094675675266e-10, 1.2501528701136522e-09, 8.152020392060422e-09, 4.139937814784389e-08, 1.6373770961308765e-07, 5.043476676291903e-07, 1.2098671504645608e-06, 2.260329438286135e-06, 3.2887598990782863e-06, 3.726653176272521e-06, 3.2887598990782863e-06, 2.260329438286135e-06, 1.2098671504645608e-06, 5.043476676291903e-07, 1.6373770961308765e-07, 4.139937814784389e-08, 8.152020392060422e-09, 1.2501528701136522e-09, 1.493094675675266e-10, 1.3887943746404563e-11, 1.0060393273655932e-12, 5.6756852093598625e-14, 2.493721959682363e-15, 8.533047630075754e-17, 2.2739800948881426e-18, 4.7194951407926383e-20, 7.628353615940375e-22, 9.602679948093257e-24, 9.41413600411771e-26, 7.187781923264561e-28, 4.274011319363809e-30, 1.9792599190321352e-32, 7.138325476697025e-35, 2.0050087834260406e-37, 4.385938076474888e-40, 7.468920814851275e-43, 1.401298464324817e-45, 0.0, 0.0, 0.0, 1.401298464324817e-45, 7.468920814851275e-43, 4.385938076474888e-40, 2.0050087834260406e-37, 7.138325476697025e-35, 1.9792599190321352e-32, 4.274011319363809e-30, 7.187781923264561e-28, 9.41413600411771e-26, 9.602679948093257e-24, 7.628353615940375e-22, 4.7194951407926383e-20, 2.2739800948881426e-18, 8.533047630075754e-17, 2.493721959682363e-15, 5.6756852093598625e-14, 1.0060393273655932e-12, 1.3887943746404563e-11, 1.493094675675266e-10, 1.2501528701136522e-09, 8.152020392060422e-09, 4.139937814784389e-08, 1.6373770961308765e-07, 5.043476676291903e-07, 1.2098671504645608e-06, 2.260329438286135e-06, 3.2887598990782863e-06, 3.726653176272521e-06, 3.2887598990782863e-06, 2.260329438286135e-06, 1.2098671504645608e-06, 5.043476676291903e-07, 1.6373770961308765e-07, 4.139937814784389e-08, 8.152020392060422e-09, 1.2501528701136522e-09, 1.493094675675266e-10, 1.3887943746404563e-11, 1.0060393273655932e-12, 5.6756852093598625e-14, 2.493721959682363e-15, 8.533047630075754e-17, 2.2739800948881426e-18, 4.7194951407926383e-20, 7.628353615940375e-22, 9.602679948093257e-24, 9.41413600411771e-26, 7.187781923264561e-28, 4.274011319363809e-30, 1.9792599190321352e-32, 7.138325476697025e-35, 2.0050087834260406e-37, 4.385938076474888e-40, 7.468920814851275e-43, 1.401298464324817e-45, 0.0, 0.0, 0.0, 0.0, 0.0, 0.0, 0.0, 0.0, 0.0, 0.0, 0.0, 0.0, 0.0, 0.0, 0.0, 0.0, 0.0, 0.0, 0.0, 0.0, 0.0, 0.0, 0.0, 0.0, 0.0, 0.0, 0.0, 0.0, 0.0, 0.0, 0.0, 0.0, 0.0, 0.0, 0.0, 0.0, 0.0, 0.0, 0.0, 0.0, 0.0, 0.0, 0.0, 0.0, 0.0, 0.0, 0.0, 0.0, 0.0, 0.0, 0.0, 0.0, 0.0, 0.0, 0.0, 0.0, 0.0, 0.0, 0.0, 0.0, 0.0, 0.0, 0.0, 0.0, 0.0, 0.0, 0.0, 0.0, 0.0, 0.0, 0.0, 0.0, 0.0, 0.0, 0.0, 0.0, 0.0, 0.0, 0.0, 0.0, 0.0, 0.0, 0.0, 0.0, 0.0, 0.0, 0.0, 0.0, 0.0, 0.0, 0.0, 0.0, 0.0, 0.0, 0.0, 0.0, 0.0, 0.0, 0.0, 0.0, 0.0, 0.0, 0.0, 0.0, 0.0, 0.0], [0.0, 0.0, 1.1210387714598537e-44, 8.033644095974176e-42, 4.715328694797544e-39, 2.1555875183564436e-36, 7.674423335919583e-34, 2.1279047943387423e-31, 4.594995004143977e-29, 7.727593605139568e-27, 1.0121150495010262e-24, 1.032385422106359e-22, 8.201253435393186e-21, 5.073935700170046e-19, 2.44475910105232e-17, 9.173890920400186e-16, 2.6810039512872516e-14, 6.101936447441836e-13, 1.0815941892117209e-11, 1.493094675675266e-10, 1.605228061585251e-09, 1.3440409674103648e-08, 8.764248349280024e-08, 4.450852486570511e-07, 1.7603463220439153e-06, 5.422248250397388e-06, 1.3007297638978343e-05, 2.430083077342715e-05, 3.535750147420913e-05, 4.0065297071123496e-05, 3.535750147420913e-05, 2.430083077342715e-05, 1.3007297638978343e-05, 5.422248250397388e-06, 1.7603463220439153e-06, 4.450852486570511e-07, 8.764248349280024e-08, 1.3440409674103648e-08, 1.605228061585251e-09, 1.493094675675266e-10, 1.0815941892117209e-11, 6.101936447441836e-13, 2.6810039512872516e-14, 9.173890920400186e-16, 2.44475910105232e-17, 5.073935700170046e-19, 8.201253435393186e-21, 1.032385422106359e-22, 1.0121150495010262e-24, 7.727593605139568e-27, 4.594995004143977e-29, 2.1279047943387423e-31, 7.674423335919583e-34, 2.1555875183564436e-36, 4.715328694797544e-39, 8.033644095974176e-42, 1.1210387714598537e-44, 0.0, 0.0, 0.0, 1.1210387714598537e-44, 8.033644095974176e-42, 4.715328694797544e-39, 2.1555875183564436e-36, 7.674423335919583e-34, 2.1279047943387423e-31, 4.594995004143977e-29, 7.727593605139568e-27, 1.0121150495010262e-24, 1.032385422106359e-22, 8.201253435393186e-21, 5.073935700170046e-19, 2.44475910105232e-17, 9.173890920400186e-16, 2.6810039512872516e-14, 6.101936447441836e-13, 1.0815941892117209e-11, 1.493094675675266e-10, 1.605228061585251e-09, 1.3440409674103648e-08, 8.764248349280024e-08, 4.450852486570511e-07, 1.7603463220439153e-06, 5.422248250397388e-06, 1.3007297638978343e-05, 2.430083077342715e-05, 3.535750147420913e-05, 4.0065297071123496e-05, 3.535750147420913e-05, 2.430083077342715e-05, 1.3007297638978343e-05, 5.422248250397388e-06, 1.7603463220439153e-06, 4.450852486570511e-07, 8.764248349280024e-08, 1.3440409674103648e-08, 1.605228061585251e-09, 1.493094675675266e-10, 1.0815941892117209e-11, 6.101936447441836e-13, 2.6810039512872516e-14, 9.173890920400186e-16, 2.44475910105232e-17, 5.073935700170046e-19, 8.201253435393186e-21, 1.032385422106359e-22, 1.0121150495010262e-24, 7.727593605139568e-27, 4.594995004143977e-29, 2.1279047943387423e-31, 7.674423335919583e-34, 2.1555875183564436e-36, 4.715328694797544e-39, 8.033644095974176e-42, 1.1210387714598537e-44, 0.0, 0.0, 0.0, 0.0, 0.0, 0.0, 0.0, 0.0, 0.0, 0.0, 0.0, 0.0, 0.0, 0.0, 0.0, 0.0, 0.0, 0.0, 0.0, 0.0, 0.0, 0.0, 0.0, 0.0, 0.0, 0.0, 0.0, 0.0, 0.0, 0.0, 0.0, 0.0, 0.0, 0.0, 0.0, 0.0, 0.0, 0.0, 0.0, 0.0, 0.0, 0.0, 0.0, 0.0, 0.0, 0.0, 0.0, 0.0, 0.0, 0.0, 0.0, 0.0, 0.0, 0.0, 0.0, 0.0, 0.0, 0.0, 0.0, 0.0, 0.0, 0.0, 0.0, 0.0, 0.0, 0.0, 0.0, 0.0, 0.0, 0.0, 0.0, 0.0, 0.0, 0.0, 0.0, 0.0, 0.0, 0.0, 0.0, 0.0, 0.0, 0.0, 0.0, 0.0, 0.0, 0.0, 0.0, 0.0, 0.0, 0.0, 0.0, 0.0, 0.0, 0.0, 0.0, 0.0, 0.0, 0.0, 0.0, 0.0, 0.0, 0.0, 0.0, 0.0, 0.0, 0.0], [0.0, 0.0, 8.96831017167883e-44, 6.726092498912689e-41, 3.948096485843049e-38, 1.8048513285848406e-35, 6.425715707179229e-33, 1.7816729014961325e-30, 3.8473423793486684e-28, 6.47023467943241e-26, 8.474335118893098e-24, 8.644057596018313e-22, 6.866824991707327e-20, 4.24835413113866e-18, 2.0469717164191622e-16, 7.68120477976069e-15, 2.244777036778875e-13, 5.1090889331695255e-12, 9.056076721858375e-11, 1.2501528701136522e-09, 1.3440409674103648e-08, 1.1253517584464134e-07, 7.338215368690726e-07, 3.726653176272521e-06, 1.4739199286850635e-05, 4.539993096841499e-05, 0.00010890876728808507, 0.00020346837118268013, 0.0002960447163786739, 0.000335462624207139, 0.0002960447163786739, 0.00020346837118268013, 0.00010890876728808507, 4.539993096841499e-05, 1.4739199286850635e-05, 3.726653176272521e-06, 7.338215368690726e-07, 1.1253517584464134e-07, 1.3440409674103648e-08, 1.2501528701136522e-09, 9.056076721858375e-11, 5.1090889331695255e-12, 2.244777036778875e-13, 7.68120477976069e-15, 2.0469717164191622e-16, 4.24835413113866e-18, 6.866824991707327e-20, 8.644057596018313e-22, 8.474335118893098e-24, 6.47023467943241e-26, 3.8473423793486684e-28, 1.7816729014961325e-30, 6.425715707179229e-33, 1.8048513285848406e-35, 3.948096485843049e-38, 6.726092498912689e-41, 8.96831017167883e-44, 0.0, 0.0, 0.0, 8.96831017167883e-44, 6.726092498912689e-41, 3.948096485843049e-38, 1.8048513285848406e-35, 6.425715707179229e-33, 1.7816729014961325e-30, 3.8473423793486684e-28, 6.47023467943241e-26, 8.474335118893098e-24, 8.644057596018313e-22, 6.866824991707327e-20, 4.24835413113866e-18, 2.0469717164191622e-16, 7.68120477976069e-15, 2.244777036778875e-13, 5.1090889331695255e-12, 9.056076721858375e-11, 1.2501528701136522e-09, 1.3440409674103648e-08, 1.1253517584464134e-07, 7.338215368690726e-07, 3.726653176272521e-06, 1.4739199286850635e-05, 4.539993096841499e-05, 0.00010890876728808507, 0.00020346837118268013, 0.0002960447163786739, 0.000335462624207139, 0.0002960447163786739, 0.00020346837118268013, 0.00010890876728808507, 4.539993096841499e-05, 1.4739199286850635e-05, 3.726653176272521e-06, 7.338215368690726e-07, 1.1253517584464134e-07, 1.3440409674103648e-08, 1.2501528701136522e-09, 9.056076721858375e-11, 5.1090889331695255e-12, 2.244777036778875e-13, 7.68120477976069e-15, 2.0469717164191622e-16, 4.24835413113866e-18, 6.866824991707327e-20, 8.644057596018313e-22, 8.474335118893098e-24, 6.47023467943241e-26, 3.8473423793486684e-28, 1.7816729014961325e-30, 6.425715707179229e-33, 1.8048513285848406e-35, 3.948096485843049e-38, 6.726092498912689e-41, 8.96831017167883e-44, 0.0, 0.0, 0.0, 0.0, 0.0, 0.0, 0.0, 0.0, 0.0, 0.0, 0.0, 0.0, 0.0, 0.0, 0.0, 0.0, 0.0, 0.0, 0.0, 0.0, 0.0, 0.0, 0.0, 0.0, 0.0, 0.0, 0.0, 0.0, 0.0, 0.0, 0.0, 0.0, 0.0, 0.0, 0.0, 0.0, 0.0, 0.0, 0.0, 0.0, 0.0, 0.0, 0.0, 0.0, 0.0, 0.0, 0.0, 0.0, 0.0, 0.0, 0.0, 0.0, 0.0, 0.0, 0.0, 0.0, 0.0, 0.0, 0.0, 0.0, 0.0, 0.0, 0.0, 0.0, 0.0, 0.0, 0.0, 0.0, 0.0, 0.0, 0.0, 0.0, 0.0, 0.0, 0.0, 0.0, 0.0, 0.0, 0.0, 0.0, 0.0, 0.0, 0.0, 0.0, 0.0, 0.0, 0.0, 0.0, 0.0, 0.0, 0.0, 0.0, 0.0, 0.0, 0.0, 0.0, 0.0, 0.0, 0.0, 0.0, 0.0, 0.0, 0.0, 0.0, 0.0, 0.0], [0.0, 0.0, 5.815388626947991e-43, 4.385938076474888e-40, 2.5744821300313715e-37, 1.1769109133505245e-34, 4.190093106797024e-32, 1.1617967007143025e-29, 2.508782404955906e-27, 4.2191229578852975e-25, 5.525960543653601e-23, 5.636633260547942e-21, 4.47773234897538e-19, 2.7702750207350052e-17, 1.3347932700406634e-15, 5.008774495965547e-14, 1.463778534147031e-12, 3.3315444153414475e-11, 5.905304023556823e-10, 8.152020392060422e-09, 8.764248349280024e-08, 7.338215368690726e-07, 4.785117198480293e-06, 2.430083077342715e-05, 9.611165296519175e-05, 0.0002960447163786739, 0.0007101743831299245, 0.0013267804170027375, 0.0019304541638121009, 0.002187491161748767, 0.0019304541638121009, 0.0013267804170027375, 0.0007101743831299245, 0.0002960447163786739, 9.611165296519175e-05, 2.430083077342715e-05, 4.785117198480293e-06, 7.338215368690726e-07, 8.764248349280024e-08, 8.152020392060422e-09, 5.905304023556823e-10, 3.3315444153414475e-11, 1.463778534147031e-12, 5.008774495965547e-14, 1.3347932700406634e-15, 2.7702750207350052e-17, 4.47773234897538e-19, 5.636633260547942e-21, 5.525960543653601e-23, 4.2191229578852975e-25, 2.508782404955906e-27, 1.1617967007143025e-29, 4.190093106797024e-32, 1.1769109133505245e-34, 2.5744821300313715e-37, 4.385938076474888e-40, 5.815388626947991e-43, 0.0, 0.0, 0.0, 5.815388626947991e-43, 4.385938076474888e-40, 2.5744821300313715e-37, 1.1769109133505245e-34, 4.190093106797024e-32, 1.1617967007143025e-29, 2.508782404955906e-27, 4.2191229578852975e-25, 5.525960543653601e-23, 5.636633260547942e-21, 4.47773234897538e-19, 2.7702750207350052e-17, 1.3347932700406634e-15, 5.008774495965547e-14, 1.463778534147031e-12, 3.3315444153414475e-11, 5.905304023556823e-10, 8.152020392060422e-09, 8.764248349280024e-08, 7.338215368690726e-07, 4.785117198480293e-06, 2.430083077342715e-05, 9.611165296519175e-05, 0.0002960447163786739, 0.0007101743831299245, 0.0013267804170027375, 0.0019304541638121009, 0.002187491161748767, 0.0019304541638121009, 0.0013267804170027375, 0.0007101743831299245, 0.0002960447163786739, 9.611165296519175e-05, 2.430083077342715e-05, 4.785117198480293e-06, 7.338215368690726e-07, 8.764248349280024e-08, 8.152020392060422e-09, 5.905304023556823e-10, 3.3315444153414475e-11, 1.463778534147031e-12, 5.008774495965547e-14, 1.3347932700406634e-15, 2.7702750207350052e-17, 4.47773234897538e-19, 5.636633260547942e-21, 5.525960543653601e-23, 4.2191229578852975e-25, 2.508782404955906e-27, 1.1617967007143025e-29, 4.190093106797024e-32, 1.1769109133505245e-34, 2.5744821300313715e-37, 4.385938076474888e-40, 5.815388626947991e-43, 0.0, 0.0, 0.0, 0.0, 0.0, 0.0, 0.0, 0.0, 0.0, 0.0, 0.0, 0.0, 0.0, 0.0, 0.0, 0.0, 0.0, 0.0, 0.0, 0.0, 0.0, 0.0, 0.0, 0.0, 0.0, 0.0, 0.0, 0.0, 0.0, 0.0, 0.0, 0.0, 0.0, 0.0, 0.0, 0.0, 0.0, 0.0, 0.0, 0.0, 0.0, 0.0, 0.0, 0.0, 0.0, 0.0, 0.0, 0.0, 0.0, 0.0, 0.0, 0.0, 0.0, 0.0, 0.0, 0.0, 0.0, 0.0, 0.0, 0.0, 0.0, 0.0, 0.0, 0.0, 0.0, 0.0, 0.0, 0.0, 0.0, 0.0, 0.0, 0.0, 0.0, 0.0, 0.0, 0.0, 0.0, 0.0, 0.0, 0.0, 0.0, 0.0, 0.0, 0.0, 0.0, 0.0, 0.0, 0.0, 0.0, 0.0, 0.0, 0.0, 0.0, 0.0, 0.0, 0.0, 0.0, 0.0, 0.0, 0.0, 0.0, 0.0, 0.0, 0.0, 0.0, 0.0], [0.0, 2.802596928649634e-45, 2.955338461261039e-42, 2.2273639090442967e-39, 1.307429941934008e-36, 5.976846944504e-34, 2.1279047943387423e-31, 5.90009059760205e-29, 1.2740648272307613e-26, 2.142647587206589e-24, 2.8063144839433804e-22, 2.862518609581133e-20, 2.2739800948881426e-18, 1.406861771338595e-16, 6.778639505451451e-15, 2.5436656904062604e-13, 7.433680407342713e-12, 1.6918978718027944e-10, 2.998960857425459e-09, 4.139937814784389e-08, 4.450852486570511e-07, 3.726653176272521e-06, 2.430083077342715e-05, 0.00012340980174485594, 0.000488095247419551, 0.0015034391544759274, 0.00360656320117414, 0.0067379469983279705, 0.009803654626011848, 0.011108996346592903, 0.009803654626011848, 0.0067379469983279705, 0.00360656320117414, 0.0015034391544759274, 0.000488095247419551, 0.00012340980174485594, 2.430083077342715e-05, 3.726653176272521e-06, 4.450852486570511e-07, 4.139937814784389e-08, 2.998960857425459e-09, 1.6918978718027944e-10, 7.433680407342713e-12, 2.5436656904062604e-13, 6.778639505451451e-15, 1.406861771338595e-16, 2.2739800948881426e-18, 2.862518609581133e-20, 2.8063144839433804e-22, 2.142647587206589e-24, 1.2740648272307613e-26, 5.90009059760205e-29, 2.1279047943387423e-31, 5.976846944504e-34, 1.307429941934008e-36, 2.2273639090442967e-39, 2.955338461261039e-42, 2.802596928649634e-45, 0.0, 2.802596928649634e-45, 2.955338461261039e-42, 2.2273639090442967e-39, 1.307429941934008e-36, 5.976846944504e-34, 2.1279047943387423e-31, 